global correct: 97.5
mean correct:97.5
mean IoU: 95.1
+-------+-------------------+-------------------+
| class |        acc        |        iou        |
+-------+-------------------+-------------------+
|   0   | 99.34568786621094 | 97.12153625488281 |
|   1   | 99.11764526367188 | 97.87027740478516 |
|   2   | 97.15190124511719 | 95.04644012451172 |
|   3   | 98.18569946289062 | 95.23809814453125 |
|   4   | 97.57709503173828 | 96.19978332519531 |
|   5   | 97.76397705078125 | 93.69047546386719 |
|   6   | 97.07536315917969 | 94.93949127197266 |
|   7   | 97.34607696533203 | 93.76277923583984 |
|   8   | 95.93852996826172 | 93.87755584716797 |
|   9   | 95.52715301513672 |      93.4375      |
+-------+-------------------+-------------------+