global correct: 98.6
mean correct:98.6
mean IoU: 97.3
+-------+-------------------+-------------------+
| class |        acc        |        iou        |
+-------+-------------------+-------------------+
|   0   | 99.66254425048828 |  97.4697494506836 |
|   1   | 99.71347045898438 | 98.49056243896484 |
|   2   | 98.00838470458984 | 97.09242248535156 |
|   3   |   98.48974609375  | 97.75160217285156 |
|   4   | 99.33258819580078 | 98.23982238769531 |
|   5   | 98.31730651855469 | 96.46226501464844 |
|   6   | 98.51428985595703 | 97.51130676269531 |
|   7   | 98.64016723632812 | 96.61885833740234 |
|   8   | 98.55715942382812 | 97.68977355957031 |
|   9   |  96.9017105102539 |  95.373291015625  |
+-------+-------------------+-------------------+