global correct: 98.6
mean correct:98.6
mean IoU: 97.2
+-------+-------------------+-------------------+
| class |        acc        |        iou        |
+-------+-------------------+-------------------+
|   0   | 99.23161315917969 | 97.94149780273438 |
|   1   |  99.8115005493164 | 98.51162719726562 |
|   2   | 98.09925842285156 | 97.48163604736328 |
|   3   | 98.70967864990234 | 97.45223236083984 |
|   4   | 98.66071319580078 | 97.24972534179688 |
|   5   |  98.443115234375  | 97.62470245361328 |
|   6   | 98.06818389892578 | 96.31696319580078 |
|   7   | 98.29241943359375 | 96.23824310302734 |
|   8   |   98.65771484375  | 97.13656616210938 |
|   9   | 97.72972869873047 |  96.0680160522461 |
+-------+-------------------+-------------------+