global correct: 98.1
mean correct:98.1
mean IoU: 96.3
+-------+-------------------+-------------------+
| class |        acc        |        iou        |
+-------+-------------------+-------------------+
|   0   | 99.44812774658203 | 96.05543518066406 |
|   1   | 99.04489135742188 | 98.20075988769531 |
|   2   | 97.91667175292969 | 95.91836547851562 |
|   3   | 97.73462677001953 | 96.28054809570312 |
|   4   | 98.24176025390625 |  97.4918212890625 |
|   5   | 98.28641510009766 | 96.63056945800781 |
|   6   | 98.30890655517578 | 96.46017456054688 |
|   7   | 97.54010772705078 |        95.0       |
|   8   | 96.97648620605469 | 95.16483306884766 |
|   9   |  97.5374755859375 | 95.59286499023438 |
+-------+-------------------+-------------------+