global correct: 98.1
mean correct:98.1
mean IoU: 96.4
+-------+-------------------+-------------------+
| class |        acc        |        iou        |
+-------+-------------------+-------------------+
|   0   |  99.5545654296875 |  97.3856201171875 |
|   1   |       100.0       | 96.53558349609375 |
|   2   |  96.3752670288086 | 95.56024932861328 |
|   3   | 98.50267028808594 | 97.15190124511719 |
|   4   | 99.45295715332031 | 98.16414642333984 |
|   5   |  97.0873794555664 | 95.80838012695312 |
|   6   | 98.53768157958984 | 96.79558563232422 |
|   7   |  97.6744155883789 | 94.28571319580078 |
|   8   | 97.46136474609375 | 96.71412658691406 |
|   9   | 96.57754516601562 | 95.25316619873047 |
+-------+-------------------+-------------------+