global correct: 98.6
mean correct:98.5
mean IoU: 97.2
+-------+-------------------+-------------------+
| class |        acc        |        iou        |
+-------+-------------------+-------------------+
|   0   | 99.45115661621094 | 97.84017181396484 |
|   1   | 99.61203002929688 | 98.94026947021484 |
|   2   | 98.62287902832031 |  97.4869155883789 |
|   3   | 99.46294403076172 |  97.6793212890625 |
|   4   | 97.38277435302734 | 97.17083740234375 |
|   5   |  97.4327621459961 | 96.95863342285156 |
|   6   | 98.65167999267578 | 96.80264282226562 |
|   7   | 98.40425109863281 | 96.65621185302734 |
|   8   | 97.68212127685547 | 96.72130584716797 |
|   9   | 98.70689392089844 | 95.31737518310547 |
+-------+-------------------+-------------------+