global correct: 98.6
mean correct:98.6
mean IoU: 97.2
+-------+-------------------+-------------------+
| class |        acc        |        iou        |
+-------+-------------------+-------------------+
|   0   | 98.87387084960938 |  97.7728271484375 |
|   1   | 99.61759185791016 | 98.95536041259766 |
|   2   |  98.417724609375  |  96.6839370727539 |
|   3   |  98.8133773803711 | 97.44680786132812 |
|   4   |  97.9459457397461 | 97.00214385986328 |
|   5   | 98.79227447509766 |  96.6903076171875 |
|   6   | 98.41629028320312 | 97.42440795898438 |
|   7   | 99.05462646484375 | 97.11637878417969 |
|   8   | 98.42697143554688 | 97.33333587646484 |
|   9   | 97.30603790283203 | 95.35374450683594 |
+-------+-------------------+-------------------+