global correct: 97.8
mean correct:97.8
mean IoU: 95.7
+-------+-------------------+-------------------+
| class |        acc        |        iou        |
+-------+-------------------+-------------------+
|   0   |  98.3277587890625 |  96.2882080078125 |
|   1   | 99.61315155029297 | 98.65900421142578 |
|   2   | 98.11518096923828 | 95.32044219970703 |
|   3   | 98.17596435546875 | 96.51898956298828 |
|   4   | 97.37417602539062 | 96.32035064697266 |
|   5   | 98.06295776367188 | 95.51886749267578 |
|   6   | 97.61634826660156 | 95.55555725097656 |
|   7   | 97.57894897460938 | 95.46858978271484 |
|   8   | 96.99666595458984 | 93.96551513671875 |
|   9   |  95.9051742553711 | 92.99895477294922 |
+-------+-------------------+-------------------+