global correct: 97.5
mean correct:97.5
mean IoU: 95.1
+-------+-------------------+-------------------+
| class |        acc        |        iou        |
+-------+-------------------+-------------------+
|   0   | 98.65921783447266 | 97.35391235351562 |
|   1   | 98.73786926269531 | 98.45111083984375 |
|   2   | 96.63865661621094 | 95.83332824707031 |
|   3   | 97.76119232177734 |  96.6280288696289 |
|   4   | 90.75907135009766 | 90.36144256591797 |
|   5   | 97.21212768554688 | 96.39422607421875 |
|   6   |  99.0960464477539 | 96.79911804199219 |
|   7   | 97.70354461669922 | 95.31568145751953 |
|   8   |  99.5589828491211 | 94.65409088134766 |
|   9   |  98.6913833618164 | 89.51532745361328 |
+-------+-------------------+-------------------+