global correct: 98.7
mean correct:98.7
mean IoU: 97.4
+-------+-------------------+-------------------+
| class |        acc        |        iou        |
+-------+-------------------+-------------------+
|   0   | 99.00110626220703 | 98.02198028564453 |
|   1   | 99.23590850830078 | 99.14122009277344 |
|   2   | 98.54318237304688 | 97.83057403564453 |
|   3   | 98.61701965332031 | 98.30329132080078 |
|   4   | 97.44160461425781 |  96.6887435913086 |
|   5   | 98.16401672363281 |  96.9770278930664 |
|   6   |  98.9795913696289 | 97.43303680419922 |
|   7   | 98.41604614257812 | 97.08333587646484 |
|   8   |  98.9932861328125 |   97.14599609375  |
|   9   | 99.24568939208984 | 95.04644012451172 |
+-------+-------------------+-------------------+