global correct: 94.8
mean correct:94.9
mean IoU: 90.4
+-------+-------------------+-------------------+
| class |        acc        |        iou        |
+-------+-------------------+-------------------+
|   0   | 93.07691955566406 | 92.36640930175781 |
|   1   | 90.04739379882812 | 90.04739379882812 |
|   2   | 97.19335174560547 | 94.15911102294922 |
|   3   | 96.24463653564453 |  95.7310562133789 |
|   4   | 94.41340637207031 | 93.68070983886719 |
|   5   | 95.24390411376953 | 93.30944061279297 |
|   6   | 98.87513732910156 | 94.11134338378906 |
|   7   | 88.41658020019531 |  86.9383544921875 |
|   8   |  99.6636734008789 | 78.95204162597656 |
|   9   | 95.43478393554688 | 84.34197998046875 |
+-------+-------------------+-------------------+