global correct: 98.7
mean correct:98.7
mean IoU: 97.5
+-------+-------------------+-------------------+
| class |        acc        |        iou        |
+-------+-------------------+-------------------+
|   0   | 99.22822570800781 | 97.82608795166016 |
|   1   | 99.43609619140625 | 98.87850189208984 |
|   2   | 99.26854705810547 | 98.24198150634766 |
|   3   | 98.71520233154297 | 97.87686157226562 |
|   4   | 98.67549896240234 | 97.81182098388672 |
|   5   | 98.41463470458984 |  96.6467056274414 |
|   6   | 98.86363983154297 |  97.8627700805664 |
|   7   | 98.38710021972656 | 96.31578826904297 |
|   8   | 98.66962432861328 | 97.16157531738281 |
|   9   | 97.48908233642578 | 96.02149963378906 |
+-------+-------------------+-------------------+