global correct: 64.8
mean correct:64.9
mean IoU: 48.3
+-------+-------------------+--------------------+
| class |        acc        |        iou         |
+-------+-------------------+--------------------+
|   0   | 88.75413513183594 | 82.14286041259766  |
|   1   | 91.88931274414062 |     75.234375      |
|   2   | 52.49204635620117 | 40.04854202270508  |
|   3   | 86.46287536621094 | 69.71830749511719  |
|   4   | 96.73202514648438 | 38.642295837402344 |
|   5   | 97.91667175292969 | 61.13236618041992  |
|   6   | 34.35028076171875 | 29.629629135131836 |
|   7   | 44.66737365722656 | 31.49665069580078  |
|   8   |  49.8327751159668 |   48.95947265625   |
|   9   | 5.537806034088135 | 5.502645492553711  |
+-------+-------------------+--------------------+