global correct: 58.2
mean correct:57.9
mean IoU: 44.0
+-------+--------------------+--------------------+
| class |        acc         |        iou         |
+-------+--------------------+--------------------+
|   0   |  49.5614013671875  | 49.23747253417969  |
|   1   |  99.3314208984375  | 72.52440643310547  |
|   2   | 44.50373840332031  | 39.601139068603516 |
|   3   | 76.20063781738281  | 71.83098602294922  |
|   4   | 94.23503112792969  | 27.13920783996582  |
|   5   | 67.76557159423828  | 63.79310607910156  |
|   6   | 27.637615203857422 | 22.523365020751953 |
|   7   |  40.5660400390625  | 23.540145874023438 |
|   8   | 79.14797973632812  | 70.10923767089844  |
|   9   |        0.0         |        0.0         |
+-------+--------------------+--------------------+